352195
343803
367135
393041
265725
385296
393235
211519
116004
116003
397325
165310
357368
417286
424201
424020
275025
65576
97647
338855
274796
373653
358141
211759
211759
229540
250029
212643
212643
366429
351589
227910
340438
340490
393051
400327
359336
338672
343796
287001
199515
304256
351323
305196
388144
391902
377597
381862
295679
274788
93143
194409
199106
208415
220331
234864
251669
328811
74393
185954
187364
416466
276665
290351
157461
236712
203479
185091
226966
219023
228408
275789
358445
341109
356516
369335
245756
169821
215172
307352
307552
44098
289534
295539
337219
166295
311710
304307
337902
215154
123866
117410
256097
285348
311546
118282
424813
317791
203509
182213
318356
287185
319729
404436
326985
407586
191285
126290
330975
354287
125211
95129
130482
407880
398757
400392
402828
405199
367706
186579
303411
228802
289857
177978
363369
95165
425700
154114
293073
163478
140870
88848
239990
123554
415937
177013
105232
50535
245505
65925
91505
352195
343803
367135
393041
265725
385296
393235
211519
116004
116003
397325
165310
357368
417286
424201
424020
275025
65576
97647
338855
274796
373653
358141
211759
211759
229540
250029
212643
212643
366429
351589
227910
340438
340490
393051
400327
359336
338672
343796
287001
199515
304256
351323
305196
388144
391902
377597
381862
295679
274788
93143
194409
199106
208415
220331
234864
251669
328811
74393
185954
187364
416466
276665
290351
157461
236712
203479
185091
226966
219023
228408
275789
358445
341109
356516
369335
245756
169821
215172
307352
307552
44098
289534
295539
337219
166295
311710
304307
337902
215154
123866
117410
256097
285348
311546
118282
424813
317791
203509
182213
318356
287185
319729
404436
326985
407586
191285
126290
330975
354287
125211
95129
130482
407880
398757
400392
402828
405199
367706
186579
303411
228802
289857
177978
363369
95165
425700
154114
293073
163478
140870
88848
239990
123554
415937
177013
105232
50535
245505
65925
91505
